100000425625887
100004533820962
100006979094710
100004283438089
100005270921780
100004326934426
100008004307393
100012954676511
100009682693765
100003701178941
100003856807734
100011251596123
100000349393683
100010589652208
100008696286934
100009004131134
100004865945860
100001027206968
100004765603756
100001297009643
100000951134488
100009790967705
100010515936577
100003927285323
100001332506164
100003336992533
100009290981483
100014909111566
100001680628274
100014758338052
100008079699832
100008573525781
100013345241854
100011455486391
100009818610442
100005770173199
100009346751977
100013626273506
100009035506134
100009551927848
100009973114366
100008217468662
100004378600850
100023247522107
100004285146556
100009603411938
100002456267804
100012274963267
100009074896517
100008114292796
100006030990799
100004821451224
100019892379951
100014515410783
100005613159929
100009841990209
100004193850530
100012873733288
100007543951161
100000266405248
100006143506285
100005809094305
100004399669336
100005310452972
100010254486697
100003989411042
100001804782383
100025953395161
100005004158218
100025062977107
100005005329104
100004798627360
100004085321301
100024303353900
100006657550600
100009058155401
100007083366325
100004277289923
100011428128776
100014466341328
100013895419494
100015524593358
100009796530961
100004878004345
100005184372557
100012150040298
100009918552412
100016237697531
100024638500127
100015839855110
100007129392202
100023149967948
100006772543599
100023439602597
100025552724110
100003999257424
100017007634260
100025518313881
100026035244903
100011228265623
100025371972437
100010511222397
100013960607845
100004559221116
100011073105343
100010574850908
100004703681749
100005750501648
100026686671106
100014916738609
100023749453808
100007806228486
100005011276951
100009641760027
100003862004891
100017398323934
100004548882891
100025481162878
100013765279484
100005862150748
100003222816658
100025990116041
100024632211667
100004783606886
100000902952093
100026647867567