100000425625887
100014061850608
100026526876962
100025138461253
100013634707941
100026584271539
100026156422470
100013308544805
100004090086103
100004943404058
100005937843755
100013849810752
100014722215195
100005456384369
100025078444977
100003969042842
100006490982915
100014045927201
100004941456184
100008006919348
100024770437730
100000587079026
100012373877827
100004797550074
100015758749002
100004574683606
100004475313269
100013304145103
100006795456366
100005172107059
100004206074366
100007651144711
100009374953019
100004055873892
100024706551221
621784593
100010247012434
100010390982924
100003223240431
100026639704869
100007057622575
100014183195585
100010630743873
100004818543219
100006212767981
100012790211066
100009818610442
100009410470438
100015235682439
100006563987848
100013698466640
100023382942310
100012759997664
100026609320272
100021749086443
100004157957872
100007015272673
100014595481795
100010905810279
100009432297371
100001440218987
100021493103839
100001670214521
100007320156799
100006688000851
100010027479190
100006249971559
100009278850495
100006635567682
100023305113614
100005365003331
100015621454875
100009997594086
100011716600819
100016286465293
100004608933949
100005436404852
100006584805288
100022328884328
100008684020942
100021369189542
100024487969547
100013758078153
100023370983740
100004938196978
100012631152049
100006884536755
100009239968109
100004330485312
100005006824610
100018265989303
100004399366844
100009586866867
100013836915160
100008240465180
100003253035328
100010714476576
100002995097391
100004193168512
100005864491185
100011417418047
100008347661735
100022100888917
100009639454614
100014826583522
100019115655715
100015048930402
100003676861747
100010089697689
100003887606581
100004272906702
100006340321321
100008070724007
100007444866898
100003729310547
100001361696601
100004307708720
100006136217680
100012981756167
100007460497295
100014773303183
100006030990799
100011051747354
100007326912011
100008664005785
100023164403664
100006332889252
100004001116324
100012507675308
100015757985689
100007112970074
100004839226298
100010463371797
100004821451224
100008706605132
100026716450153
100008837648535
100004989998830
100009334540283
100025846759675
100008119777938
1727801729
100006821224796
100012033011223
100014347174508
100023530425769
100004472797345
100014515410783
100004757711819
100025598773557
100022594690408
100005320650207
100018924850804
100009335497799
100005773140603
100016591215102
100009681348620
100005605755815
100026114464950
100013185769454
100003134132358
100018243693993
100007050691380
100021363563013
100012645348012
100004901237276
100012116408299
100004318066751
100024804441988
100008530834873
100011570743454
100012263828470
100013136132876
100006549829393
100007000114490
100013454131908
100006982773508
100013486876781
100008279679417
100010375860342
100017572333016
100009689923812
100022014044147
100016441573513
100009191832376
100005334704693
100004641431907
100023803523622
100012224793448
100012918010368
100025686251988
100022417444520
100016156451493
100005310452972
100025206950154
1241696897
100024499308395
100005440718836
100003956941047
100024960648857
100002981357403
100005444626623
100006910720044
100009338628611
100007025522379
100025242160733
100024133296387
100005004158218
100005190905398
100005005329104
100015030064542
100011382465705
100023933557190
100004338135439
100006615045015
100021980319761
100008375655511
100009489496127
100012298057123
100005836954634
100010636261425
100010506150723
100012914406621
100007520325000
100010192631620
100006802697294
100005512860471
100009650407471
100011033415870
100008206305138
100006073396129
100009473467889
100008606943005
100007077571892
100005316611166
100024631710131
100008925722092
100011231437600
100006408037905
100012101859588
100006414961697
100009058155401
100010303457633
100009313376999
100009556925840
100010493490897
100007308910939
100005037041010
100004351204359
100006868514288
100007596760239
100007272846602
100016635394351
100014274183197
100025579931074
100004078249212
100007007019905
100011409033046
100006275086502
100004602003676
100007328119231
100011719351389
100006176228240
100009505840225
100021604936319
100025382463259
100006302827958
100004454022363
100015293893050
100007336653992
100007427977971
100004336622847
100009664517283
100026207179981
100013960965164
100004074618372
100023135460130
100007156036275
100016435536551
100012148298673
100025403200594
100023708626713
100007970286161
100008911416019
100006633009751
100024914798801
100010429099167
100008060207364
100013940237791
100019051631680
100012268591084
100011441685806
100009218563678
100007993838721
100010854793996
100004698513827
100003447628159
100006843818030
100011387625290
100009494002084
100005182600658
100026296784458
100010733202438
100025619580695
100006266349983
100010339657477
100021827022201
100024571632896
100026412335640
100024225562421
100009639482707
100025015487026
100005343343798
100026276822610
100014148252919
100005106796067
100004676462661
100012464569409
100006702183753
100016237697531
100012939331494
100026783139771
100021966138925
100016618663670
100023510583850
100008369805583
100011869392984
100006798490173
100005020126621
100004545339178
100024761680967
100012626627558
100024172659508
100014047113121
100008254741229
100010276456947
100011585285797
100003153047555
100006703414611
100025552724110
100012696400884
100006459081125
100004789985054
100010569580968
100003999257424
100005679186405
100023368562372
100011705115663
100001327609709
100021493600536
100003991639585
100001816228510
100015022592575
100005555790457
100017007634260
100026669855297
100024583746196
100026662011824
100021036292002
100002805063014
100025522723755
100013402540614
100025518313881
100008734112220
100025096731099
100023697586423
100006464978948
100026035244903
100005471704398
100025786388443
100022300214705
100009707340263
100010635906572
100009740683801
100024103824066
100009250644186
100011586488285
100009867402085
100004947705535
100017476239024
100012031063064
100014943484032
100023068873679
100005774465522
100004746666294
100005910247847
100016905967854
100004022542759
100010844070245
100015575148295
100022219643397
100023591391144
100024773081172
100005352213148
100009617265586
100004903146493
100005215631466
100007982739639
100013960607845
100014604062767
100011508210118
100010219412801
100011208873114
100005436878487
100024216204009
100026633705434
100024408884496
100023408372511
100009369497746
100021437329960
100005819526388
100026589407639
100005750501648
100017710512330
100019823289083
100005078321061
100008112390749
100024656586184
100010995156392
100025159628605
100010616882746
100016811173208
100025125132055
100019003208437
100021472475504
100026690538762
100006463794238
100010012211309
100010027746264
100026811334714
100016124197433