100000425625887
100014061850608
100026526876962
100025138461253
100013634707941
100026584271539
100026156422470
100013308544805
100004090086103
100004943404058
100005937843755
100013849810752
100014722215195
100005456384369
100025078444977
100003969042842
100006490982915
100014045927201
100004941456184
100008006919348
100024770437730
100000587079026
100012373877827
100004797550074
100015758749002
100004574683606
100004475313269
100013304145103
100006795456366
100005172107059
100004206074366
100007651144711
100009374953019
100004055873892
100024706551221
621784593
100010247012434
100010390982924
100003223240431
100026639704869
100007057622575
100014183195585
100010630743873
100004818543219
100006212767981
100012790211066
100009818610442
100009410470438
100015235682439
100006563987848
100013698466640
100023382942310
100012759997664
100026609320272
100021749086443
100004157957872
100007015272673
100014595481795
100010905810279
100009432297371
100001440218987
100021493103839
100001670214521
100007320156799
100006688000851
100010027479190
100006249971559
100009278850495
100006635567682
100023305113614
100005365003331
100015621454875
100009997594086
100011716600819
100016286465293
100004608933949
100005436404852
100006584805288
100022328884328
100008684020942
100021369189542
100024487969547
100013758078153
100023370983740
100004938196978
100012631152049
100006884536755
100009239968109
100004330485312
100005006824610
100018265989303
100004399366844
100009586866867
100013836915160
100008240465180
100003253035328
100010714476576
100002995097391
100004193168512
100005864491185
100011417418047
100008347661735
100022100888917
100009639454614
100014826583522
100019115655715
100015048930402
100003676861747
100010089697689
100003887606581
100004272906702
100006340321321
100008070724007
100007444866898
100003729310547
100001361696601
100004307708720
100006136217680
100012981756167
100007460497295
100014773303183
100006030990799
100011051747354
100007326912011
100008664005785
100023164403664
100006332889252
100004001116324
100012507675308
100015757985689
100007112970074
100004839226298
100010463371797
100004821451224
100008706605132
100026716450153
100008837648535
100004989998830
100009334540283
100025846759675
100008119777938
1727801729
100006821224796
100012033011223
100014347174508
100023530425769
100004472797345
100014515410783
100004757711819
100025598773557
100022594690408
100005320650207
100018924850804
100009335497799
100005773140603
100016591215102
100009681348620
100005605755815
100026114464950
100013185769454
100003134132358
100018243693993
100007050691380
100021363563013
100012645348012
100004901237276
100012116408299
100004318066751
100024804441988
100008530834873
100011570743454
100012263828470
100013136132876
100006549829393
100007000114490
100013454131908
100006982773508
100013486876781
100008279679417
100010375860342
100017572333016
100009689923812
100022014044147
100016441573513
100009191832376
100005334704693
100004641431907
100023803523622
100012224793448
100012918010368
100025686251988
100022417444520
10001615645